1
36903
58579
76760
92988
107903
121849
135037
147609
159666
171285
182521
193422
204023
214356
224446
234313
243978
253454
262756
271896
280886
289733
298448
307037
315508
323866
332118
340269
348323
356285
364159
371949
379658
387289
394846
402332
409748
417098
424384
431608
438772
445877
452927
459922
466865
473756
480597
487390
494136
500836
507492
514104
520675
527203
533692
540142
546553
552927
559264
565566
571833
578065
584264
590431
596565
602668
608740
614783
620795
626779
632734
638661
644561
650434
656281
662101
667897
673667
679413
685134
690832
696506
702157
707785
713392
718976
724539
730080
735601
741100
746580
752039
757479
762899
768300
773683
779046
784391
789718
795027
800319
805593
810849
816089
821312
826518
831709
836882
842040
847183
852309
857421
862517
867598
872664
877716
882753
887776
892784
897779
902760
907727
912680
917620
922547
927461
932362
937249
942125
946987
951837
956675
961501
966314
971116
975906
980684
985450
990205
994948
999681
1.0044e+06
1.00911e+06
1.01381e+06
1.0185e+06
1.02318e+06
1.02784e+06
1.0325e+06
1.03714e+06
1.04178e+06
1.0464e+06
1.05102e+06
1.05562e+06
1.06022e+06
1.0648e+06
1.06938e+06
1.07394e+06
1.0785e+06
1.08304e+06
1.08758e+06
1.09211e+06
1.09663e+06
1.10113e+06
1.10563e+06
1.11012e+06
1.1146e+06
1.11908e+06
1.12354e+06
1.12799e+06
1.13244e+06
1.13687e+06
1.1413e+06
1.14572e+06
1.15013e+06
1.15454e+06
1.15893e+06
1.16332e+06
1.16769e+06
1.17206e+06
1.17642e+06
1.18078e+06
1.18512e+06
1.18946e+06
1.19379e+06
1.19811e+06
1.20242e+06
1.20673e+06
1.21103e+06
1.21532e+06
1.2196e+06
1.22388e+06
1.22814e+06
1.2324e+06
1.23666e+06
1.2409e+06
1.24514e+06
1.24937e+06
1.2536e+06
1.25782e+06
1.26203e+06
1.26623e+06
1.27043e+06
1.27462e+06
1.2788e+06
1.28297e+06
1.28714e+06
1.2913e+06
1.29546e+06
1.29961e+06
1.30375e+06
1.30789e+06
1.31202e+06
1.31614e+06
1.32025e+06
1.32436e+06
1.32847e+06
1.33256e+06
1.33666e+06
1.34074e+06
1.34482e+06
1.34889e+06
1.35296e+06
1.35702e+06
1.36107e+06
1.36512e+06
1.36916e+06
1.3732e+06
1.37722e+06
1.38125e+06
1.38527e+06
1.38928e+06
1.39329e+06
1.39729e+06
1.40128e+06
1.40527e+06
1.40926e+06
1.41323e+06
1.41721e+06
1.42117e+06
1.42513e+06
1.42909e+06
1.43304e+06
1.43699e+06
1.44092e+06
1.44486e+06
1.44879e+06
1.45271e+06
1.45663e+06
1.46054e+06
1.46445e+06
1.46835e+06
1.47225e+06
1.47614e+06
1.48003e+06
1.48391e+06
1.48779e+06
1.49166e+06
1.49553e+06
1.49939e+06
1.50325e+06
1.5071e+06
1.51095e+06
1.51479e+06
1.51863e+06
1.52246e+06
1.52629e+06
1.53011e+06
1.53393e+06
1.53774e+06
1.54155e+06
1.54535e+06
1.54915e+06
1.55295e+06
1.55674e+06
1.56052e+06
1.5643e+06
1.56808e+06
1.57185e+06
1.57562e+06
1.57938e+06
1.58314e+06
1.58689e+06
1.59064e+06
1.59439e+06
1.59813e+06
1.60186e+06
1.6056e+06
1.60932e+06
1.61305e+06
1.61676e+06
1.62048e+06
1.62419e+06
1.6279e+06
1.6316e+06
1.6353e+06
1.63899e+06
1.64268e+06
1.64636e+06
1.65004e+06
1.65372e+06
1.6574e+06
1.66106e+06
1.66473e+06
1.66839e+06
1.67205e+06
1.6757e+06
1.67935e+06
1.68299e+06
1.68663e+06
1.69027e+06
1.6939e+06
1.69753e+06
1.70116e+06
1.70478e+06
1.7084e+06
1.71201e+06
1.71562e+06
1.71923e+06
1.72283e+06
1.72643e+06
1.73002e+06
1.73361e+06
1.7372e+06
1.74078e+06
1.74436e+06
1.74794e+06
1.75151e+06
1.75508e+06
1.75865e+06
1.76221e+06
1.76577e+06
1.76932e+06
1.77287e+06
1.77642e+06
1.77996e+06
1.7835e+06
1.78704e+06
1.79058e+06
1.79411e+06
1.79763e+06
1.80116e+06
1.80468e+06
1.80819e+06
1.8117e+06
1.81521e+06
1.81872e+06
1.82222e+06
1.82572e+06
1.82922e+06
1.83271e+06
1.8362e+06
1.83968e+06
1.84317e+06
1.84665e+06
1.85012e+06
1.8536e+06
1.85706e+06
1.86053e+06
1.86399e+06
1.86745e+06
1.87091e+06
1.87436e+06
1.87781e+06
1.88126e+06
1.8847e+06
1.88815e+06
1.89158e+06
1.89502e+06
1.89845e+06
1.90188e+06
1.9053e+06
1.90873e+06
1.91214e+06
1.91556e+06
1.91897e+06
1.92238e+06
1.92579e+06
1.9292e+06
1.9326e+06
1.93599e+06
1.93939e+06
1.94278e+06
1.94617e+06
1.94956e+06
1.95294e+06
1.95632e+06
1.9597e+06
1.96307e+06
1.96644e+06
1.96981e+06
1.97318e+06
1.97654e+06
1.9799e+06
1.98326e+06
1.98661e+06
1.98996e+06
1.99331e+06
1.99666e+06
2e+06
