5.14105 5.72405 1.17073 4.76476 14.118
4.31274 4.19883 3.61753 10.0278 5.38376
6.61551 3.91559 2.60569 10.9623 29.0139
3.12655 3.80795 2.81857 4.73529 20.8802
4.91708 5.08816 2.45089 7.79469 31.1493
-1.32473 3.32319 2.69742 6.30293 24.9069
0.794442 6.28132 1.4395 2.01855 22.9993
1.35674 4.17932 3.94221 4.79422 34.9139
0.654557 2.9122 1.53151 4.24299 19.1133
0.484236 3.86228 4.37896 7.42985 39.4547
2.26038 4.39857 0.494389 0.535634 11.4003
3.01624 5.88974 3.10228 5.57633 30.8071
1.13235 3.42263 2.65929 8.5232 20.5975
2.86239 3.02063 3.66899 9.53217 34.768
3.62429 3.99383 3.58079 6.95939 31.6534
4.08076 3.59648 2.81103 4.41619 30.284
5.69459 4.34706 2.6898 6.47461 19.4202
8.12522 4.59566 1.48574 4.9339 25.1329
3.53761 1.32193 1.90823 6.01016 21.1587
1.68653 5.82557 3.15408 8.11685 8.69884
3.35615 2.95058 4.72668 9.07078 40.7222
1.82039 6.72153 1.9209 2.88806 22.1016
-0.254833 4.92287 3.48898 7.35416 33.7983
4.24223 6.2058 1.88706 4.42741 15.891
3.39296 5.23197 3.00203 5.99075 27.163
4.14947 4.48411 1.05483 1.72114 21.5686
-0.567253 5.17874 2.67074 2.1654 15.1266
2.30294 1.85972 3.18733 4.00925 33.6458
3.52217 2.90788 4.22294 8.33277 28.9203
3.92289 5.27201 0.488318 5.40883 10.1102
5.24619 2.07778 3.45226 7.8346 13.9086
2.98248 6.43055 1.84447 4.76108 27.3655
0.894601 5.4247 2.63253 4.2392 28.542
4.72451 5.29878 2.84492 9.20382 22.3624
2.87165 3.62319 2.09543 5.57259 11.1509
-1.66286 4.21582 2.47817 3.51295 32.0653
6.7868 2.39259 1.47192 6.64699 20.165
3.80875 4.98017 1.00328 4.32987 24.3305
5.82111 4.98788 0.725084 5.3219 18.2409
6.13905 3.3044 4.53156 10.0204 28.8734
2.78968 5.39643 3.39533 5.17451 23.7969
4.75967 4.76692 3.8219 8.59369 26.907
1.56907 5.66354 2.32305 3.27778 28.4942
1.18573 6.417 2.19505 5.60441 16.1689
2.67758 4.56964 2.78651 4.0884 32.0245
0.267044 1.96976 2.90683 6.92995 11.0246
5.67703 5.64471 2.16268 7.22881 22.2976
0.864 4.82015 3.55692 4.51133 14.6302
2.2159 2.7017 3.91069 6.58121 27.7154
2.03464 5.20422 3.34388 7.64786 25.8503
2.54544 1.13416 3.82929 10.7993 16.5322
3.36075 4.7001 3.85886 6.21272 22.5558
4.90355 4.94822 2.85432 6.14924 33.4537
3.59792 5.79996 2.59993 6.71357 7.93899
2.88554 6.23491 2.75246 8.83882 5.19576
4.74112 4.59001 2.50731 5.90391 19.6469
1.65517 4.10901 4.19085 7.697 30.7639
2.10581 7.05153 0.436205 5.02387 14.8306
3.35769 4.80908 2.29524 7.84322 29.1535
2.54227 2.86619 2.51506 5.14877 25.0766
-0.524941 4.75581 2.13423 3.82701 21.0895
3.57934 4.27953 1.36684 4.97246 12.7045
1.51185 3.80109 3.25187 5.60815 30.2398
3.05151 4.1732 4.01846 5.78927 9.70068
0.223984 5.85382 0.730711 0.943008 16.711
5.93517 3.28715 3.04479 7.23365 24.6208
4.37987 4.95318 2.37542 6.6034 14.8803
5.82775 2.31302 2.24832 4.29123 27.839
3.33393 6.17768 2.71548 5.86652 13.2081
1.30719 4.90026 2.0862 2.71392 27.0354
5.54667 3.70374 0.99158 7.13908 9.20823
2.03208 4.32997 4.06418 11.0936 33.0847
3.22371 4.1171 3.444 4.8117 26.6217
4.65417 5.6406 2.64688 7.99804 32.2889
2.81214 1.95374 2.39902 6.44464 26.4118
3.84902 4.07209 1.22373 3.70815 7.3824
5.19844 3.7434 3.17164 9.58753 26.8296
0.783481 4.22006 3.14207 6.98103 27.6409
2.72518 3.93862 4.14662 6.49432 10.8333
-1.36061 6.10761 0.558895 2.85856 17.4505
-0.0535463 3.27062 4.26744 4.43395 31.963
3.05534 5.06997 3.27121 6.45703 20.1284
4.48003 3.29493 1.48459 8.01624 6.3749
5.38518 4.62667 0.529063 5.97816 16.2147
-1.03092 2.87617 3.0197 5.68802 10.0427
1.91124 2.01644 3.78592 5.74848 30.35
4.38329 4.5634 3.93386 7.33796 24.7644
2.10328 5.90909 2.44211 4.11241 29.6353
0.352113 6.98644 2.05742 6.95826 18.2815
0.921386 2.40977 3.38155 4.49737 35.8254
1.73313 5.54062 3.46971 8.81603 25.4395
3.46594 6.39087 2.46552 4.80802 19.8336
3.56465 5.49469 3.54315 7.90862 35.5428
-0.288943 7.63765 0.986368 4.02765 10.5743
2.82762 2.33299 3.95614 7.81601 17.2794
4.13059 2.58626 4.29973 6.94691 19.3057
6.23111 1.29027 3.40911 6.59706 31.591
3.77178 4.59171 3.055 4.52528 9.63132
2.07796 2.84266 1.10692 3.80618 15.9377
3.65925 5.4366 2.89091 5.33575 24.1247
0.93295 4.36175 2.52571 2.31261 5.84297
5.03224 2.73003 1.37982 7.90569 25.9314
3.40601 5.47756 0.666832 6.19581 11.2136
3.80324 1.89201 4.33784 10.532 29.3153
6.00154 2.66001 3.32825 10.8912 6.54785
-0.190396 5.89535 1.55535 5.04865 20.2014
2.46513 6.96432 1.97233 3.97136 24.3597
1.79269 2.92188 3.06242 4.66609 35.1493
2.60463 3.33082 2.21822 6.77772 10.1774
4.41936 5.09312 2.95823 7.06632 21.8703
1.2888 5.04021 2.74773 3.40506 29.6806
2.61407 4.21158 2.94703 3.95967 22.5237
2.71427 1.71053 5.00889 9.72846 36.8926
0.139967 3.61802 2.5836 5.03764 26.2529
4.68508 3.82232 3.50826 8.35498 13.3179
1.97202 4.02267 0.69538 2.81809 8.17113
4.14701 2.06329 1.99319 7.08965 26.6739
2.75163 5.67003 3.22883 6.79965 32.4903
1.0813 1.84191 1.68494 3.42617 14.17
1.71674 4.53954 1.82412 5.49518 27.4912
1.21836 4.24057 4.26554 8.49591 37.6909
3.5631 6.54926 3.08097 9.0094 33.1238
3.69353 6.50505 1.11197 7.17474 17.5354
3.29871 4.3594 3.69198 5.59223 32.004
4.94919 4.08841 2.56049 5.77313 14.5797
6.55618 5.23696 2.52958 6.56752 12.8741
0.372509 3.10419 2.77422 7.45158 23.2792
-2.45564 6.4802 1.38453 3.2983 25.161
2.58258 3.58825 3.54498 7.21312 33.8932
2.98017 5.71272 0.904585 5.62222 21.1932
3.09058 4.92783 2.00152 8.15649 16.8439
3.80639 2.28929 1.76369 5.33945 22.7788
3.69938 2.25895 4.8358 9.36014 31.7674
0.0328139 5.76937 3.08792 5.81163 5.14835
1.02769 4.59764 1.93406 6.54284 20.7923
2.7014 3.59909 2.7131 6.07403 17.725
0.312979 4.34912 2.8341 4.99403 29.3268
0.899862 3.11804 3.60329 6.39383 30.7532
5.37343 4.09748 3.63269 11.7231 35.1583
0.634565 6.03431 3.16933 7.70733 34.4273
6.95894 2.91597 1.92564 6.24017 29.1419
3.97129 3.39291 4.35647 8.08163 38.7921
3.86922 4.78108 1.50468 4.67764 17.3865
3.78082 5.86215 1.4121 2.77058 22.6676
4.5765 3.81035 2.67503 6.75643 24.6064
-1.26128 5.09009 2.04246 1.34441 7.26028
-0.594862 3.60505 3.65474 8.92253 9.66604
2.91828 6.30663 1.22067 4.39513 16.6888
1.98194 4.9821 1.42611 6.17249 21.7535
5.35119 4.21794 2.05484 5.02708 13.7762
6.33502 5.42668 3.01738 6.26822 15.3934
4.07791 5.10553 3.78361 6.20426 32.3394
5.26388 5.67623 1.87059 4.1798 26.0526
2.99514 4.45391 3.47476 7.03905 10.9929
0.701004 6.55765 1.90453 2.56696 28.4823
5.74095 5.18068 2.83034 8.66913 28.2901
8.23944 4.50445 0.983107 4.09561 18.5432
-1.27639 5.55937 3.62901 4.06482 33.1336
1.96122 5.23391 2.61768 4.48853 22.0193
7.02664 1.38825 4.23854 7.8947 22.5397
-0.22233 6.69689 1.86207 4.97567 15.0039
4.25601 2.61638 3.46741 8.18941 33.4441
2.45194 6.20821 1.72392 6.05447 27.9005
1.47952 2.27984 3.20256 3.73479 13.3452
1.83506 4.94243 3.32043 5.29929 32.819
4.53573 6.06434 2.14695 7.56419 28.4344
3.10397 2.29697 2.89231 6.65928 33.8648
1.92476 4.69982 3.54269 4.28037 26.8425
5.76932 4.57389 3.80759 9.15416 14.5036
4.79748 5.35562 1.10881 4.2501 6.06705
2.16986 6.65106 2.17939 5.85551 25.9988
3.97289 4.89502 2.92227 8.73597 31.9733
0.465529 6.17121 2.30767 3.00353 22.2161
3.28761 3.56756 4.54764 11.2497 22.7313
0.966785 4.47348 0.418368 0.323281 18.1389
-0.840176 5.22169 3.41049 5.38985 28.0474
2.0487 3.04614 2.03212 4.77167 13.6696
4.05679 4.56935 2.86981 6.4328 14.092
2.66545 6.59156 2.12252 7.9807 23.9615
3.42866 5.66324 2.21973 5.23478 15.6796
2.34726 3.79248 4.55545 8.47877 27.8513
1.01202 5.30632 3.32963 7.30884 16.4195
5.9137 5.06473 1.68659 4.5907 8.36179
2.41506 3.95072 3.08236 7.93888 25.0061
1.58842 5.75612 0.651741 3.66826 23.1086
-1.26881 6.46212 3.17117 3.95431 35.5517
3.28454 3.31424 3.23022 5.209 29.0954
7.33629 2.81127 4.66952 10.4463 38.7606
1.1221 3.50935 1.33897 4.42694 11.6153
4.36578 2.86564 2.11026 3.35248 20.4365
4.25769 3.83355 3.92227 8.85868 35.8341
5.80592 4.75553 2.49227 5.66966 24.5486
1.35523 2.67595 2.33543 7.31379 30.1845
4.83141 3.43995 3.03039 7.54836 19.5528
2.33103 4.322 3.23759 5.84405 20.7217
0.0833651 3.96634 4.00402 5.54224 34.8319
2.89826 4.58973 2.15101 3.59492 29.2807
2.21301 5.79965 2.92601 4.79008 31.3922
0.859854 6.3957 2.56193 6.10737 8.95574
6.31165 4.71545 2.31164 8.27803 21.2792
6.39468 1.74361 4.53692 8.30316 38.4909
3.74864 3.62651 3.10552 6.3785 28.6965
5.18216 5.39107 1.53549 3.80369 11.5541
2.17402 6.12731 0.82151 4.95089 20.4005
2.29273 4.436 2.07028 2.41724 14.2476
2.39656 3.70766 3.88615 5.88903 37.7155
0.622881 2.98031 1.17508 3.22173 8.28583
4.66914 1.94796 2.23279 4.06964 23.0775
5.30176 4.56425 2.36014 6.90798 26.7129
4.78718 4.26668 3.79744 7.52604 37.1864
1.4041 3.05307 3.48118 4.35103 26.9199
1.76617 4.11554 3.12773 6.67106 23.3254
-0.760379 4.38486 4.13207 6.74011 33.9216
6.8467 3.57284 4.04224 9.03081 32.0347
4.29882 3.08441 3.15732 8.89038 14.6553
1.92215 6.17598 2.81433 3.61843 32.3596
7.20114 4.89888 2.4465 10.3671 22.8263
1.32395 6.65694 2.69313 5.42969 12.0364
2.58139 4.9518 2.28877 4.87007 28.8851
-0.413768 2.30882 2.4152 6.19333 16.9099
5.28872 4.95841 3.91949 7.05876 19.363
4.21517 5.02892 0.934485 3.43196 13.616
3.45402 4.71043 2.79547 7.61616 31.6222
1.58559 6.38901 2.04142 6.70116 25.5361
1.20419 5.79419 2.42695 4.37732 21.6529
2.64117 1.2307 3.00528 5.95447 34.7405
4.03169 5.81366 2.26882 8.95075 29.5329
0.958794 2.56924 3.77163 5.53011 20.544
1.7481 3.55771 1.89077 3.61435 5.97785
-0.493893 5.963 -0.0833668 0.0255923 10.8011
3.76433 3.03318 4.66655 7.72531 21.1068
3.66431 4.98485 3.34526 4.92518 36.1656
1.35222 4.84366 0.200208 1.84271 16.0074
-0.0455346 5.44767 3.2864 6.18935 29.8948
3.89701 5.90752 2.09901 6.39076 19.0552
4.62212 4.75942 2.99784 5.1382 6.67619
-1.08142 6.00907 2.38772 1.58868 24.4035
0.575572 5.08623 3.45548 9.35224 18.4229
-1.13546 2.78214 4.37849 4.29453 40.6409
1.67687 4.63314 1.28508 5.37227 22.2487
4.40602 3.33209 2.32255 4.72469 30.6449
5.86864 3.81515 2.19454 6.29134 6.1557
2.80479 1.40053 5.6137 9.34699 47.0102
1.80745 6.03886 1.63676 7.14085 18.1798
2.4783 4.8027 3.36547 9.10914 9.87268
0.134296 5.18677 3.50505 3.36207 35.2123
5.31705 5.56573 2.94376 7.40508 29.3957
6.97083 4.74497 1.13771 3.39607 14.9546
3.47402 5.24002 3.82883 7.32492 6.84552
3.78475 6.23804 1.68108 8.04914 23.9913
2.39495 4.59256 3.43161 5.968 30.4706
3.14301 5.12485 0.453934 1.68166 10.4102
8.2931 2.24304 4.3536 13.4684 20.8978
-3.77835 6.35221 1.98955 3.70966 18.5032
0.508261 4.94629 1.80746 5.71208 23.3869
1.97935 2.29186 1.66783 3.12226 26.9713
4.7075 4.2559 0.435432 6.95088 9.02832
3.22563 1.41666 4.71621 7.29037 32.0755
5.10967 2.62561 1.97703 7.36981 14.7557
5.87405 4.34147 3.52341 7.95822 33.6553
4.87233 5.71361 1.35678 3.87295 24.8072
2.12891 7.12107 2.50683 5.97187 12.1547
3.93367 3.9877 2.75199 8.0553 22.8894
3.16443 3.01102 2.59945 5.27992 16.9976
-1.14235 4.08935 2.96243 3.71369 28.932
1.27699 3.41494 3.72925 5.22097 33.0357
3.45248 3.65435 4.22814 9.94203 38.5228
8.22206 1.84575 1.78157 5.09594 28.7438
3.55112 4.54039 1.64121 4.02136 16.6442
1.11669 2.22149 5.20439 6.5923 37.7483
1.6287 3.77934 2.75956 7.1646 27.5786
-1.80492 3.34222 3.53075 7.56552 10.6719
2.44954 6.64185 1.36625 3.04118 17.3437
4.01715 4.21249 2.54553 5.55437 26.7648
0.166491 5.29571 2.16623 2.6214 12.6189
0.246777 4.87336 3.91324 9.56768 31.4499
2.20494 4.624 2.7891 8.54571 19.0455
2.89074 5.75897 2.26208 7.35448 6.65488
6.16788 4.41383 1.74602 5.99099 18.4128
1.32927 6.82005 2.47501 4.00949 9.71797
5.42326 5.53788 1.46817 6.10811 27.2201
0.468658 4.51973 3.75803 6.13962 7.32147
2.17173 1.74855 3.64027 4.8202 30.9414
1.72745 5.44639 1.0404 2.06075 15.2363
2.53494 4.84242 2.99155 6.33149 29.5272
-0.546551 2.75092 2.62942 4.76131 18.0877
5.6309 4.70917 0.28177 2.99063 10.785
1.50296 3.22753 1.70227 6.82085 24.1616
1.96835 2.69202 4.15955 7.42508 35.6005
1.85654 3.9065 1.84099 4.23944 19.954
0.982984 4.12904 3.4603 3.98231 32.6751
1.63545 3.70606 3.10668 5.05898 12.9443
6.12498 3.90385 4.08077 8.28596 26.0727
1.5603 6.54388 2.82304 4.24323 26.4973
9.04689 1.82443 2.45553 7.11694 12.0216
1.17592 5.60974 2.70193 6.82527 22.8184
-0.123039 4.11912 1.44502 2.69085 24.7429
3.21281 3.9772 1.01462 6.65153 19.5055
0.60361 5.2599 1.74166 2.87422 16.5435
3.85041 4.01325 3.12889 5.74967 34.0678
2.28067 6.58892 0.768095 3.34046 6.99206
1.49138 3.49749 4.0434 7.26069 15.0408
4.45719 5.17113 1.91325 6.47487 26.2861
3.03522 2.98624 3.15847 7.33952 32.1926
3.99077 6.10978 2.81551 4.93413 14.2347
0.785616 4.16355 1.2454 4.60992 20.959
2.37175 3.74568 1.08636 6.42535 24.9707
1.45838 6.63664 3.07147 7.63198 28.7379
0.136323 3.77501 0.634768 3.44431 19.277
2.43453 4.9737 1.56638 2.7618 11.6609
4.33199 3.15265 2.60449 6.16927 32.5554
2.52384 5.26547 2.35545 8.38474 26.7584
3.56136 6.4217 1.32496 1.81018 8.41851
0.693744 2.19536 1.78724 6.33757 13.0559
2.24621 5.33248 2.51966 5.60839 22.8815
3.64195 3.66724 2.76453 9.29967 12.1399
5.72338 3.20412 3.53557 8.6017 28.163
1.15675 3.86782 3.68256 6.5857 27.3718
1.54319 3.3968 3.80044 4.51528 23.8644
-1.60945 3.73583 2.91502 4.09249 34.2552
0.432243 5.12582 2.90379 6.36602 31.4918
6.63654 3.38035 2.15939 7.88412 25.3633
3.85199 2.89947 3.61271 6.11007 36.3342
3.13478 3.18591 2.31983 3.85496 17.8398
-1.28306 3.87587 2.19177 5.17474 29.39
0.668327 4.83467 3.03806 3.27805 19.7312
2.08282 2.73399 3.39235 5.60464 23.9838
0.499023 3.25769 4.84619 8.7176 35.494
4.44505 4.74594 3.36295 7.22911 29.7541
3.66373 5.56675 0.123924 3.2433 15.715
1.12669 4.31179 2.10234 7.6482 18.8109
5.68799 3.4771 2.19984 5.91568 20.0276
2.22313 5.15676 3.82629 9.00325 29.2056
1.78349 2.66417 1.2914 6.76161 10.9133
3.53355 4.6521 3.42908 5.44802 18.1696
0.698797 2.51288 4.35097 7.66995 35.3513
2.77164 1.58336 3.34089 8.35026 21.7117
4.16821 5.86756 1.5709 6.14949 9.85557
2.60994 3.73089 2.43893 4.6386 15.7622
0.131455 4.15064 2.05407 6.45728 28.2841
3.57141 1.87288 3.72396 5.4341 36.6255
1.2296 5.32856 3.01668 5.19773 31.8448
2.83439 5.0095 3.78292 5.25665 14.183
4.14269 4.50087 3.47407 9.53001 27.8944
3.38663 5.17722 0.325491 4.4454 17.8814
1.07555 4.48253 3.15016 4.11265 23.5321
1.71195 2.18231 3.26822 6.95854 27.0929
4.60082 4.02539 2.46235 4.31786 27.2961
-1.16237 5.27048 2.82963 7.53226 13.7629
4.9597 3.16103 2.07876 6.6334 23.7743
2.12409 2.93921 2.36827 2.74844 28.0901
4.52978 6.10113 1.7231 5.36741 10.977
3.09881 2.38826 3.46672 10.0858 22.2732
3.81486 4.89047 3.31974 6.1268 16.1344
1.7083 2.50282 4.84315 7.10166 18.6924
5.15738 5.86323 3.09464 6.60367 25.0555
2.81892 3.58244 4.27954 6.88193 40.2644
0.813513 6.30789 3.18341 8.75951 29.1361
4.70589 3.47158 2.71999 5.37111 30.9199
-1.76995 8.2278 2.09107 1.99931 20.4993
0.17645 4.03303 3.63935 7.82208 21.6108
5.99403 4.75095 1.89951 7.99842 5.12459
2.46094 5.99926 3.49977 4.6275 30.3994
1.42802 2.7449 1.93327 5.18669 7.88037
0.405257 4.24554 3.57321 5.76767 24.367
3.31612 3.38777 2.65141 7.28393 9.08252
1.88737 5.13079 2.40368 6.98132 21.3392
4.97148 3.72807 3.66141 7.36323 30.0457
7.42054 4.13708 4.20948 10.4739 25.6664
-0.136038 3.69247 3.9996 6.15245 29.6409
0.562596 3.91245 3.351 4.65524 31.0483
3.82591 5.03264 1.99814 7.67405 20.7129
2.01392 3.23556 3.23321 6.21596 7.72288
3.73787 4.37712 0.857217 5.9494 14.6931
0.361971 5.96729 2.58816 5.49541 21.2706
6.54257 2.7994 2.33865 9.00996 8.93753
1.92411 6.88077 0.57481 4.04529 12.5473
0.757415 3.1254 4.15673 9.25653 18.613
2.70862 3.50761 3.03341 8.56982 31.2182
4.10175 5.5017 1.76884 5.77337 24.999
1.09087 5.48341 1.5923 0.977667 17.2901
3.56987 4.40976 3.24058 6.56778 34.3855
5.17615 4.06217 4.00705 6.91557 19.8429
4.03674 4.67396 2.15431 4.95708 7.07513
0.204865 5.75476 2.77871 8.15689 24.5414
1.50007 3.94925 1.39012 3.8104 22.5958
4.37197 2.47071 2.88786 5.79997 23.954
-1.07398 4.67172 3.80321 7.2473 32.4552
1.89965 4.99077 2.91783 7.48797 15.6678
2.02419 3.5045 4.54301 7.85944 33.4007
7.45921 4.019 1.61472 5.33598 16.4082
3.21664 3.15172 2.0272 3.77456 28.6194
1.20656 4.7298 3.86972 5.46194 12.7754
2.81737 4.47679 2.86535 5.04888 28.4284
3.67852 1.80599 2.9552 7.69048 25.9921
0.961365 6.53832 2.3426 4.66633 10.8493
5.05709 5.20713 1.30941 5.43224 24.1911
5.20556 4.26114 1.65925 7.06661 28.0413
4.91491 4.89819 0.0520632 4.35361 9.78693
6.21958 5.35885 3.32526 8.96555 32.9325
2.27166 1.99945 4.03314 8.4604 37.5306
0.791706 3.70106 1.55167 5.47681 27.2455
2.37579 4.1247 1.96893 3.40532 23.7141
0.5977 3.70855 4.64356 10.4191 7.11648
-0.335633 3.84186 1.90004 1.81583 17.9849
-0.624789 2.8792 3.97216 5.26264 39.016
4.20915 5.1156 3.26499 5.02731 34.6901
7.74156 3.22708 1.86607 4.70371 21.5602
3.2767 3.90617 1.72802 6.26847 25.4602
4.35705 4.84214 2.65189 4.18004 18.6329
5.79246 2.75032 3.01342 6.75234 29.833
3.98715 1.74714 3.77969 6.68313 8.38072
-0.0584589 5.53759 0.946044 4.39161 22.0933
3.36248 5.96125 2.43551 3.44798 5.72957
-2.68285 5.50543 3.19863 3.25146 30.7153
4.83685 4.28177 1.54089 8.66961 20.1558
0.0929097 2.97332 4.47937 6.90265 31.3975
2.3357 3.48771 1.71927 6.55569 18.9481
1.57119 4.99656 3.74283 6.37366 35.4138
-1.47319 4.6776 2.97618 6.05472 21.8287
6.32122 1.51951 2.82634 9.82214 18.3119
4.5021 5.08471 1.44908 6.34112 15.5013
4.07121 2.48614 3.94987 11.5164 31.0589
6.18575 4.16324 1.03462 6.92515 24.6712
3.74923 3.74533 1.19578 4.08432 20.5886
2.17464 6.10944 2.71666 6.5431 28.8205
0.473516 6.79407 2.83763 4.47758 16.7886
-0.538341 5.74665 3.60673 6.8892 13.6829
2.93656 4.22172 1.46297 2.3518 19.4107
-0.824026 7.27823 1.938 6.07427 26.849
5.06769 4.07382 3.18018 8.22231 32.6253
3.0471 5.17086 1.51811 4.99426 23.2405
3.29201 4.42051 4.06535 7.92445 16.0652
2.16132 2.57095 4.52207 11.1431 41.7077
0.623857 3.14283 3.0914 5.31798 33.2553
1.38896 3.0895 1.06537 6.14504 17.819
1.54462 4.53541 2.4316 7.70768 13.2494
3.42079 6.54348 2.67861 6.24042 23.4864
2.33895 3.2235 4.05787 7.59909 27.4598
5.54816 5.34454 1.92959 6.7567 17.1391
1.64985 5.3625 1.75853 2.57238 26.6413
4.83875 2.10972 5.01436 8.34599 43.518
3.40697 3.39966 3.7189 5.95954 26.0593
3.08847 6.72829 0.857893 5.99051 8.82785
2.6934 3.89156 3.51308 9.71185 28.4883
3.62914 5.33444 2.11409 3.89189 26.9005
1.05185 2.72361 4.73692 8.48642 27.3088
4.88454 5.58036 3.23367 5.6699 16.8769
2.32432 6.47923 3.08584 7.31409 22.8026
3.71636 4.48856 1.82975 7.00937 11.9918
1.06069 5.66929 1.27633 2.64552 6.95035
0.425881 3.5327 3.81475 4.26926 27.9066
2.14629 4.29725 3.69681 6.85574 15.0162
2.51074 3.15591 2.92951 4.32963 11.5081
-0.619866 4.02188 2.56555 6.64672 32.1825
1.36301 5.14321 2.53466 5.84429 28.6787
4.56738 3.45771 3.5498 9.12621 23.5474
-0.234574 6.09748 3.35881 3.59517 23.0541
1.62567 3.6171 0.714153 0.384942 20.9415
4.01453 4.19137 0.575548 4.00901 17.2255
3.26599 6.16187 3.03388 8.27844 27.5099
5.49401 4.63609 3.37719 7.56452 20.2287
7.55538 4.80561 1.2618 6.31076 14.0005
2.69652 4.40773 2.17509 5.39008 21.8952
0.303646 3.47986 2.30344 3.57465 25.7347
3.41004 3.5541 2.14263 8.24529 18.3927
1.81883 2.22375 4.33522 8.07891 7.2807
-0.958249 2.85026 3.32572 7.98107 29.5158
2.06886 5.93468 1.79965 1.76704 9.68337
4.58518 3.18911 2.21545 5.66613 29.8779
0.626457 4.77456 3.57551 6.71979 35.5916
2.16298 3.85673 2.11818 7.30915 24.1469
2.46374 1.63055 4.4128 6.77089 32.4049
-0.193756 4.64227 4.04947 4.19623 12.1694
0.521539 2.53346 3.28248 6.70143 15.549
1.98775 4.89129 3.16448 4.37755 28.1752
-0.687626 6.78414 1.74874 5.95471 13.948
5.11967 4.97948 3.4883 8.9513 23.8794
6.11665 4.45117 1.40596 5.04292 6.52634
3.17189 4.02634 2.03703 6.1896 22.3867
-1.10903 3.16242 2.42279 4.86662 26.1396
3.54629 2.18512 3.18664 4.57889 22.1262
5.72912 5.23127 0.233205 2.32595 19.8985
2.38023 2.71254 4.22223 9.87982 12.6332
1.36 7.29427 0.285847 4.96213 18.6726
1.10992 4.54736 3.70141 5.8701 37.4894
1.24573 3.66326 2.38354 2.39088 23.6385
4.01211 3.73195 2.09466 6.88584 27.9802
2.62213 5.38332 2.84421 7.18161 33.5067
3.15659 4.14911 3.62419 8.1979 29.5842
2.76271 6.24661 1.01785 5.33367 11.9322
3.30349 5.13161 2.23655 4.56776 24.6999
1.26643 3.86144 2.61265 7.90239 7.52357
4.29188 2.64681 5.14192 10.0685 44.9906
3.24227 4.84048 1.95794 5.64639 8.75427
2.10686 3.78505 3.40383 6.83688 35.6447
0.537778 2.23635 4.8589 7.44358 24.2352
4.27843 6.00022 3.10899 6.90826 17.5248
0.926306 5.53126 2.41888 6.67132 29.0314
4.00888 3.17351 3.67566 7.02664 19.7498
0.653593 5.89394 1.43863 1.37746 12.403
1.61913 4.05428 3.58745 5.50426 18.5132
-1.86449 4.4025 2.6967 5.92771 31.1652
4.58964 3.92005 0.771568 4.66402 16.476
3.79242 5.72808 3.16078 10.3683 30.1235
-3.47011 5.86416 3.48462 4.8703 20.3374
2.92963 6.28611 3.1312 6.19357 24.4689
1.57592 5.85059 2.60305 5.71231 29.1709
1.19339 6.27052 2.96593 3.12254 17.4399
3.2744 3.2826 1.36122 3.3666 23.2096
2.63312 4.67256 2.51046 6.5003 31.2922
4.0234 6.33928 2.75554 7.37012 25.0977
2.94348 2.96395 3.98425 6.41764 21.6613
1.10775 3.48064 3.218 5.97211 35.3244
5.43749 4.2764 3.07008 9.75326 30.9521
-0.0638324 7.76276 1.8115 5.28015 24.6424
2.7207 5.50027 1.67197 3.71394 20.5529
3.1826 5.94541 2.76311 7.76192 19.675
4.6273 2.75872 2.51821 6.27952 5.26656
1.30132 5.59721 3.53419 8.24694 31.7932
0.727028 3.43613 0.888868 5.3614 17.0956
0.583191 7.64047 2.02254 7.1649 21.3904
6.86845 3.9108 3.25486 6.87021 9.19034
2.02718 5.03126 1.60968 1.53602 25.3216
4.30704 4.27162 4.02149 6.66061 30.0791
1.77495 3.71353 4.17131 8.73846 24.4108
5.10123 5.11947 1.78562 5.5546 17.7773
3.75315 4.12315 1.59623 5.10719 25.8706
6.40466 4.4292 4.07002 9.98624 36.651
1.1034 3.21541 4.52693 8.26679 12.5185
4.80758 5.33949 3.39097 6.29159 33.7746
-0.810118 5.20575 1.12235 3.01868 21.5264
3.6906 5.6042 2.31834 4.26264 13.4134
0.979014 4.53028 2.93232 7.14115 27.1311
5.30803 2.15862 2.90238 5.53594 27.9312
3.46767 2.8104 3.90629 5.8376 11.5694
-0.788121 3.52732 4.5973 5.67837 32.3646
1.39393 4.0174 1.98512 3.1537 28.1266
1.75692 3.14939 1.56921 5.73878 15.4534
-0.144442 5.17473 3.07379 4.46546 33.0014
4.29019 4.07822 1.67639 7.4054 23.8194
7.17317 2.41866 2.93979 8.04953 16.2033
4.19672 5.30814 1.28959 5.18807 18.909
2.10518 4.61639 3.85447 5.21752 33.3136
2.5733 2.46701 2.72901 3.70992 26.0861
-0.436203 4.8659 2.84985 5.27647 22.3219
2.74046 3.96999 0.521371 3.29628 21.3178
7.32469 4.47442 1.7298 4.49749 13.0768
1.9596 5.69733 3.11883 7.44918 26.9745
0.168287 6.73474 1.42305 4.54212 7.83134
3.88995 3.83194 3.66336 6.38322 23.8756
2.85824 6.11303 3.20013 5.02123 22.6397
4.1681 4.42362 3.59721 8.90024 25.9213
2.31486 5.17383 2.07684 3.44103 27.5818
0.698639 7.28484 2.46053 5.50833 14.3569
2.9937 4.01637 2.9777 4.17372 32.5629
5.26187 5.26261 2.36643 7.03169 23.1436
1.03896 4.29212 3.74433 4.35537 15.9202
1.68159 3.52607 3.6266 6.67602 28.3654
2.43443 5.25149 3.60823 4.86329 25.1504
3.87407 4.2802 2.08915 7.72063 29.9424
4.42766 5.48562 2.98888 10.6472 30.6476
3.00905 3.48565 2.2512 5.01021 24.2315
-0.969349 4.41202 2.37825 3.9305 20.0414
3.64807 4.8097 1.03671 4.83388 10.9372
0.448947 4.67613 3.44664 5.52696 29.5813
-3.73698 5.06563 0.277074 0.734347 15.3513
4.93906 1.51009 3.29962 7.05484 25.5945
3.14387 6.27503 1.93971 4.19278 9.88123
1.67791 3.37612 2.04801 7.41348 21.4543
3.53037 5.12299 2.80149 6.53617 9.32402
4.1648 3.91501 2.27519 5.80556 17.8554
0.322087 4.72527 3.29226 8.21151 18.5082
3.176 5.56957 1.34536 6.80859 23.6952
2.7824 2.22624 3.86799 9.10124 35.3222
3.49491 4.51452 3.83841 6.84394 30.9494
4.82585 2.73991 2.59021 4.31963 29.5358
5.20859 4.83737 2.95345 6.6354 18.1031
6.30192 3.87913 1.83149 4.78053 24.1727
2.20815 5.00503 3.44113 8.26078 5.98903
3.60616 3.19037 1.69251 6.09718 19.9678
-1.52522 3.38438 2.00035 2.0442 29.8976
5.61606 5.08878 0.913748 4.92024 16.3799
4.45708 4.87715 3.90501 9.72886 9.18139
2.41034 4.64585 2.56711 4.59591 20.2605
0.603446 4.96537 3.69831 4.89085 34.5959
1.34933 3.46832 1.77115 4.16037 18.4279
1.47577 4.69067 4.09867 7.6521 39.1856
1.74549 4.77976 0.118948 0.808705 14.0463
6.72915 3.16832 4.61954 8.49613 5.25478
2.55068 5.52803 3.36031 5.67495 31.7907
1.55639 3.16462 3.40808 3.90895 34.0748
-1.5436 3.53989 4.29866 3.71834 23.574
3.60306 3.46515 4.02766 8.06244 27.9281
3.20966 5.61842 0.153372 5.25469 7.02327
5.66037 2.94332 3.26096 7.96513 11.5618
0.246584 5.14839 2.0294 6.42214 22.5758
1.6613 6.78628 2.76938 6.9926 14.2541
1.0144 6.1037 2.88985 4.14126 27.5318
2.80411 2.5368 2.30506 5.65614 12.5113
4.20283 6.16823 2.55554 9.43438 23.0814
7.19325 3.78393 1.1055 6.47163 20.9721
3.34437 4.19708 1.26377 4.4135 24.9813
3.87249 2.0964 4.49063 9.32773 41.2879
-1.43692 4.25027 3.20936 7.57164 33.3111
4.5376 5.33073 1.55408 4.34598 14.6616
1.92662 3.88714 3.97553 7.17011 22.3179
3.85981 5.57652 2.74666 6.09325 26.5072
2.0505 1.66295 2.50137 8.25416 32.3621
2.29038 3.09662 1.31196 4.74738 19.5197
-0.834188 5.70803 2.95718 2.03823 16.9154
3.72213 6.03731 0.34969 6.04532 12.5688
3.32675 3.17478 4.13899 9.89844 29.8302
-1.07439 5.53205 1.88586 5.14337 21.0069
2.09201 3.47385 3.28214 4.58387 34.3925
2.56096 4.05515 4.04912 6.0766 24.084
-0.470975 2.95491 4.41244 4.99644 19.8568
4.4963 5.7289 2.66967 7.18804 20.441
6.3102 3.24699 0.92836 5.78369 22.6078
3.61003 3.92095 1.40552 3.20598 26.3226
2.02408 6.28709 2.63911 5.63265 19.253
0.57839 5.86501 3.00098 3.31029 30.1873
4.0334 5.12354 1.70461 3.10842 19.5575
2.28466 4.14009 4.10148 9.07107 21.8245
4.66017 3.6497 4.07154 6.75929 18.3068
3.55431 2.62774 4.62249 7.2752 40.1196
1.94834 3.41626 1.47062 3.95492 14.7119
3.59144 5.99084 2.63145 5.41636 25.2344
1.12116 4.74365 2.25621 2.07241 8.96483
6.04295 4.48877 2.82505 5.93289 16.0594
1.39827 1.68422 2.9749 7.58625 22.2202
0.241968 7.30595 1.01737 3.40836 24.2021
3.06042 2.72407 3.74157 7.03284 33.2529
2.66477 5.18324 1.17926 5.47948 20.0047
0.361789 3.89181 4.47804 7.73869 32.3015
3.34207 3.73856 1.53933 5.43491 23.7254
2.93146 4.88764 2.69635 3.79337 23.9652
4.88779 5.29439 1.08906 3.76146 18.4681
4.10165 4.65652 3.79318 8.18074 12.3377
6.17543 4.97583 3.02702 7.88685 28.2448
2.04795 4.53904 0.34331 2.92101 6.77169
2.82037 5.14342 3.48428 6.89634 32.1392
4.6638 2.93377 1.74398 7.19283 26.2163
0.965788 3.15626 1.91549 3.31459 16.4252
0.815774 4.91412 3.98576 8.78557 38.4451
0.201531 2.56598 3.58527 8.13284 37.5698
2.74435 3.13943 2.12901 6.27286 27.3056
4.13931 5.25761 2.87579 7.75264 32.9793
-0.0101054 4.01061 2.5101 4.70774 23.7856
3.38347 4.43694 0.877622 3.53587 9.94945
5.6051 2.40219 3.42369 9.14133 26.0559
2.63185 6.79079 1.81109 3.48603 11.0008
1.25856 4.86003 3.33549 6.86283 28.4853
1.6344 2.45116 3.21766 4.27529 16.1516
-0.216239 5.39199 0.0717566 2.73244 18.8649
4.51208 4.12648 2.13716 6.51006 15.7798
5.11595 3.70311 2.51785 4.44808 28.2931
3.79901 5.3425 2.91326 5.72117 10.4843
0.516611 4.26287 2.2981 2.83852 25.8401
3.93856 4.47844 3.25452 4.90647 27.1025
-1.93573 2.79342 1.6316 0.878217 5.16022
3.00675 4.37412 0.71786 4.1269 22.9248
2.25022 5.94375 3.24346 8.49071 24.8393
6.17854 3.27335 4.43361 9.00297 40.1498
3.55894 4.27005 3.55221 5.21142 20.2241
6.25458 5.11802 2.31797 5.96184 25.2903
0.818184 3.36866 2.56807 8.03935 31.4368
-1.24958 6.22942 1.2795 3.86273 13.1322
2.74746 3.71167 3.69923 7.94278 19.0212
4.40441 1.53501 1.81539 7.79203 8.52192
2.59095 5.85883 3.07344 6.30104 21.0765
2.57834 1.0163 5.16931 8.59393 45.3639
-0.162545 3.49114 2.72865 5.54469 7.27049
6.0226 5.48962 2.48292 9.13183 20.5127
2.00182 2.97785 3.5008 5.84656 29.513
4.52967 4.00804 3.70659 7.55181 25.512
1.80578 5.50793 2.19795 4.27151 30.2315
4.85764 4.01477 2.63767 6.32579 11.4697
-2.44457 5.26122 2.26271 0.369521 26.2562
3.69441 5.17245 2.42096 5.07953 16.4929
5.55039 3.56084 3.42782 7.18146 36.6234
0.892406 6.13276 3.13317 7.10562 14.1765
4.24066 5.35513 2.38169 7.36746 27.6937
0.646999 3.35072 3.64084 6.98517 22.2691
5.02137 3.8948 3.61144 9.59827 16.1286
4.00475 6.06376 1.46889 4.16562 8.7819
3.25671 4.25717 2.72153 8.56493 32.6527
1.46167 5.33718 2.09274 3.19114 23.283
3.96617 2.7681 4.8124 12.5316 23.7706
1.08254 4.11065 0.807636 -0.222795 19.4629
-0.571724 5.6018 3.18491 5.24871 28.8528
1.86129 4.16991 4.28108 7.72548 41.0329
1.97299 2.1507 1.70296 4.92529 11.9546
-1.22555 2.80563 4.46498 4.63062 28.0871
2.33722 5.39791 3.25498 7.57894 35.8627
4.08575 2.80099 3.31388 7.33252 18.0415
1.52732 4.84815 3.46087 5.74434 21.6066
-1.69301 4.52565 4.2318 5.6839 35.2953
2.78047 3.91336 2.36199 3.68356 29.8639
0.0693816 3.23678 2.23467 5.25239 18.6875
-2.19937 5.37087 3.59307 4.63432 17.3705
1.69216 5.12161 2.70253 4.92897 30.5715
8.15828 3.84922 2.07221 8.1084 19.9124
4.92302 5.85297 1.91391 4.74508 6.55859
3.13124 4.62083 3.27708 7.80978 24.3634
4.55308 4.70157 3.73282 8.67909 36.5551
5.03336 4.41056 2.29064 5.58627 25.7177
0.662412 3.50867 2.06398 7.12917 29.6835
2.43563 4.60166 4.04585 5.39089 35.6867
1.33269 5.47392 3.42598 7.85276 35.1155
3.35318 4.40009 1.81378 4.53608 18.9237
3.46373 5.0367 1.16996 2.96802 23.8307
4.22567 4.6467 2.96791 6.94196 25.663
-0.824376 2.49903 3.88233 8.61376 7.71298
3.42069 3.72621 4.63481 8.9554 30.8743
5.38195 3.38561 1.61206 8.81939 17.959
0.833195 3.88013 1.64774 6.70345 21.5391
2.19448 3.19174 1.78792 4.37931 25.443
4.47752 4.68704 0.600726 5.50228 13.4337
2.96721 2.74173 2.9156 6.15974 18.608
1.00036 1.72685 3.80102 6.22332 31.2156
1.64973 4.51538 3.68313 4.66205 8.33335
5.54801 4.49708 3.88973 10.8638 34.3832
2.33885 6.87259 2.13971 5.45765 5.67253
0.735592 5.99757 2.52027 3.64911 30.5279
5.0474 5.70892 2.57048 8.87791 27.8421
6.44487 3.98262 1.28251 4.1942 17.7929
2.03645 5.57739 2.90437 4.40554 23.4673
0.597535 6.50008 2.78403 6.73373 27.0386
7.25899 3.20265 4.01229 7.67866 23.9503
3.11746 5.33157 2.0123 6.15579 28.9935
4.55131 3.66607 3.24577 8.3612 34.3088
0.489921 3.73469 3.39292 3.64504 12.3085
2.18452 4.15395 3.03864 5.45393 32.4527
-0.510783 3.86673 4.16202 5.04097 15.6619
1.30426 3.78497 1.29215 4.98956 24.6532
1.90523 4.19799 1.13505 6.06926 20.5663
5.54326 4.89343 2.32838 5.16589 11.8348
4.83673 5.74238 3.5031 6.03801 32.9301
5.67969 5.14922 1.57161 4.07939 26.8328
2.67924 4.04914 3.22365 7.21749 12.7683
0.866514 4.39776 3.98995 7.45623 28.4254
1.18797 7.1935 1.67874 2.34485 27.644
-0.526973 3.59321 1.23275 1.53043 22.9405
1.10327 6.86598 2.65392 5.88436 24.8536
2.71749 4.83433 2.05265 4.30879 5.20758
3.75305 5.58493 3.57562 7.12327 10.2526
1.22268 3.18534 3.26695 4.79939 9.14551
1.60216 3.87545 3.14889 6.11732 31.4473
2.42681 5.76462 0.753647 1.92943 13.1599
-1.97745 4.23975 4.03372 6.30861 19.0406
6.48979 3.72125 4.12351 11 20.2423
0.222624 7.51004 1.73034 3.53949 17.7511
4.04595 3.37984 3.11929 10.049 34.5867
2.65498 5.12547 1.86833 5.35851 29.3411
0.839176 3.25008 1.45154 3.72689 26.8069
2.19862 3.92326 0.980332 5.29203 23.1902
5.08074 4.65175 2.46101 6.46387 8.55935
2.10507 5.47905 1.96122 7.26725 19.3487
5.00049 5.53407 1.7216 3.38029 24.6244
3.19168 4.31142 3.11189 9.54839 7.31129
1.31342 4.03708 4.116 8.53351 29.5244
3.76874 2.5952 4.00763 10.2921 38.0998
3.66869 4.02435 1.94024 3.85829 15.4235
2.36558 2.3857 2.98934 7.27214 28.4972
4.81123 4.88957 2.83963 5.69804 26.0693
-3.08085 6.1645 2.4727 2.48979 11.0325
1.30119 4.15948 1.5114 5.87286 22.0399
1.90261 3.74103 1.93183 3.02425 25.8537
4.18668 4.92928 0.792497 6.85338 5.58077
3.90148 3.21079 4.51635 7.10915 32.5129
5.81995 3.67258 1.76084 7.50403 15.8033
5.1011 4.83212 3.77796 7.8312 34.0654
3.21922 4.5091 3.01168 8.32873 23.5588
1.77484 6.5071 2.27569 6.13703 13.3793
2.50031 2.20895 2.80196 5.37701 15.0347
-0.107604 4.49078 2.68063 3.56012 27.9159
0.583025 2.8411 3.92587 5.08228 32.1901
0.381373 2.16792 3.23195 4.50912 25.9078
2.12021 4.47815 3.34974 6.57871 22.1057
7.05308 2.77876 4.32961 9.28275 32.5529
6.08646 5.20845 0.654441 6.8913 18.6478
4.59668 1.81229 3.43792 8.58923 15.8969
-0.17107 5.02293 3.71717 3.85236 16.6275
1.99795 5.34222 2.58684 3.78889 32.8709
6.7935 4.26257 2.20954 10.0115 23.6195
3.09527 4.12617 2.49409 4.96661 27.9649
-0.657474 3.70276 2.11218 6.04484 15.1327
3.24217 5.11112 3.86475 7.8803 26.3358
3.48143 2.45041 3.35709 6.21036 28.16
1.82317 5.30193 0.377437 4.8564 21.8412
1.72233 4.07123 2.3135 2.53381 16.2662
4.15204 3.13896 2.53285 4.21607 22.3665
5.49037 4.01029 2.15292 6.79375 26.1229
4.04757 4.90391 3.60685 7.39387 36.8102
0.0167484 7.16031 2.89782 7.08337 32.0679
3.23299 5.50765 2.30158 6.23829 17.1553
-0.687946 3.1352 3.68405 8.39408 23.9801
4.26826 4.41579 2.76607 5.05841 8.10381
-0.193997 5.48933 2.14072 1.86993 24.9105
5.10315 3.05813 3.31664 9.46332 36.332
1.28687 5.76101 3.25774 8.98848 19.1182
-0.103937 3.5767 4.11413 4.45321 39.9458
5.45798 4.1336 3.72085 7.24047 18.1645
4.5646 5.81435 1.30777 3.32264 11.8948
3.77031 3.84449 2.59069 7.4807 30.9815
0.798237 5.11774 2.21357 4.52028 20.6019
4.76816 5.02954 2.49797 8.61186 30.2867
1.05724 3.68843 3.51503 5.61343 21.7075
2.3672 3.94034 4.39467 11.2507 40.3075
2.26295 2.75497 1.55011 3.76895 8.70809
3.48451 2.12929 4.9337 7.85132 20.023
0.658568 4.31734 0.613877 1.56248 14.5354
-1.84163 5.96371 3.05813 6.02535 29.2027
1.16489 3.00582 1.51454 6.25005 10.5662
3.51167 2.61886 2.98445 9.08784 13.4202
1.65552 6.2095 2.24645 5.5272 23.5816
1.00739 6.6985 2.37357 3.46226 27.1343
5.23165 1.39595 3.75101 8.94394 28.7054
5.83757 5.38706 1.19193 6.73238 9.48285
0.743352 4.69528 3.95811 6.69779 26.3027
0.109607 2.28307 2.7137 4.19301 33.4706
1.9351 3.3379 4.51125 9.34404 16.9264
0.772933 6.63758 -0.0803243 4.07818 10.0343
4.90006 5.41868 3.49369 5.8058 27.3372
3.11306 4.18992 1.89249 2.94342 13.8491
3.86753 6.42254 2.27045 5.31209 28.5152
3.0518 5.61156 2.0431 8.21191 26.0894
-1.21006 5.31967 3.50838 6.32251 36.789
4.476 1.83256 2.79701 6.06803 32.0424
5.07389 4.53747 2.67563 4.98841 11.08
3.72584 5.89807 3.01796 4.49772 34.4527
0.728431 4.8043 2.40895 7.4495 17.4452
5.21891 2.92657 2.44028 5.83248 21.1198
1.6444 5.68444 3.57815 9.4187 29.9032
3.61372 3.81711 3.15143 5.3084 19.3773
1.18612 3.61238 4.12609 7.90917 34.7474
4.76002 5.04262 1.87126 6.06412 7.37226
2.90124 3.25163 3.12184 8.20541 20.5574
1.84028 6.35431 2.98072 4.69783 8.00708
3.37331 3.459 3.80633 6.00955 36.0331
1.48521 5.76568 2.61828 6.26207 31.1254
0.180618 3.87662 1.18699 2.14724 12.2939
2.40531 1.31019 2.08017 3.94247 19.6797
-0.339536 4.59418 2.46369 5.02146 30.435
2.72158 6.86763 0.834646 0.683926 23.4597
1.93858 3.59452 3.20313 5.50856 25.3251
1.4697 1.61333 4.64048 8.52206 36.3105
4.35545 4.36431 3.11443 7.03198 29.3584
3.58273 5.93318 0.514225 3.05804 14.8741
6.71624 4.09365 4.11858 7.58525 6.70809
2.07066 5.44703 2.30829 5.22546 30.9976
1.46386 3.95976 3.54326 5.97658 9.89832
1.82072 3.06379 3.89691 4.90211 31.6716
2.25741 5.96228 1.38232 2.19022 16.8384
3.01346 4.31601 2.77245 6.42239 30.3032
-0.951781 3.55685 2.8929 4.60726 19.4534
5.17053 3.84296 0.749107 3.16326 12.8671
2.05709 3.52009 4.45507 7.62541 36.2068
2.16476 4.584 1.62073 4.1415 21.1889
-1.21732 6.38818 3.05697 5.65637 34.4898
4.15636 3.31925 2.74974 6.66556 20.9109
2.76047 5.08561 2.50452 7.57197 8.16153
6.08237 3.76047 3.52123 6.87537 34.9298
3.30129 6.27804 1.35396 2.66748 26.6706
2.23767 1.93601 4.94065 11.2977 34.6373
2.69818 4.81205 1.6652 2.0386 24.4725
1.35712 5.64317 1.99541 2.67244 15.555
3.37177 4.56815 3.34859 5.83438 33.6625
1.69422 7.16683 0.462568 3.50191 10.169
0.417547 2.88539 4.32842 7.13715 17.014
2.50607 2.03451 3.43677 7.53505 33.043
4.31306 5.66199 1.68728 6.63566 27.3876
3.26149 5.39495 2.58564 4.78076 16.3004
1.24275 4.98644 0.853663 4.75129 20.1968
1.62019 2.41036 1.33971 6.32048 24.3561
0.880962 4.95559 3.23817 3.89742 31.9194
2.22777 2.32034 3.35594 5.21441 10.6963
-1.72323 6.18067 1.76599 4.59615 28.3714
2.86268 6.66273 1.62519 6.41008 15.9319
0.705884 5.2294 2.92659 7.01584 23.6423
6.11231 3.09107 2.18407 7.32105 13.5285
-1.11878 4.48145 1.11464 2.89438 25.4913
3.93916 4.53634 1.38703 6.49263 18.0312
1.23546 1.91469 4.44253 9.04415 17.7407
-1.89998 4.80707 3.19298 2.79816 6.62285
4.68542 5.9012 1.53393 5.93313 24.3852
2.83874 2.67198 3.31089 8.90292 30.7613
3.65021 4.7538 3.45789 6.67736 35.1651
4.78893 3.79859 2.35878 4.87547 10.2359
0.452798 4.61956 1.01122 3.97465 23.913
1.71709 5.40116 3.73719 7.73903 5.18392
-0.409696 5.79775 1.91048 3.79362 29.5187
2.58287 6.39338 1.48818 5.11787 18.0723
-1.19922 2.57727 4.25144 6.04947 30.2371
1.26037 4.58796 3.12646 4.55813 31.6092
1.86769 1.25921 3.47992 6.36818 9.69203
3.29899 5.81725 1.7388 7.88722 21.6319
3.40937 4.72262 1.2422 5.78773 15.9784
7.55233 3.43744 2.06064 9.37837 5.92181
1.43748 5.45101 2.81304 5.63664 19.9401
2.69584 2.76066 1.43267 7.47134 22.163
0.800966 4.38362 3.65256 5.3204 11.0167
2.73637 4.11422 2.64221 5.1436 27.7123
-0.0280691 3.05097 3.004 3.82144 14.6239
3.54793 3.08235 2.67277 7.92833 26.9038
1.05973 7.0947 2.04 4.5841 12.9233
5.59268 4.89771 1.92314 7.18834 28.8705
4.11779 4.00307 4.3542 6.61334 38.6082
0.159892 6.65515 3.16713 6.89214 34.2108
5.96793 4.26062 0.55165 4.50982 7.6136
1.74255 2.96981 4.32365 8.77795 37.042
1.24794 2.30523 1.88931 5.63289 26.4875
1.62485 4.95063 1.75187 3.31055 22.8065
3.0878 5.30905 2.38636 8.92874 11.5158
4.51713 3.63672 2.63456 5.9447 22.5518
-0.189676 3.79584 3.61581 7.04701 32.8264
1.98958 4.16853 2.72604 7.6026 16.5266
1.89231 2.89306 4.8172 7.7113 33.7579
4.97702 5.66612 3.18929 6.17931 12.4681
-0.723587 4.13901 4.01485 4.62114 37.1759
6.61041 4.57212 1.84674 5.41659 14.2153
3.94316 1.97966 1.70817 3.604 27.5131
4.28862 4.54146 2.19316 4.45951 26.4348
6.03384 1.85054 2.32119 6.52284 22.7432
-0.147955 5.61565 2.57121 7.39734 11.8798
1.54759 2.93829 1.12596 5.70252 7.45316
1.75522 2.0703 2.16078 2.85308 28.8234
1.39207 4.4498 2.54034 8.49116 16.7942
2.57182 3.78064 3.24646 9.72014 23.2444
4.38362 5.42265 2.01308 5.27059 12.8107
3.33728 4.21362 3.03933 5.96208 14.5227
2.93896 2.26748 2.20123 4.73379 14.9237
2.84028 4.05024 3.76852 8.17793 37.9337
2.36093 6.69078 2.85256 4.04251 13.2563
0.769254 6.2033 2.73173 5.11604 32.7868
2.71612 5.8307 3.50379 5.41103 16.4365
4.67267 3.97858 3.22434 9.13242 29.011
3.86515 5.7052 0.688445 4.30196 19.7171
3.0495 6.49521 0.642544 2.72786 20.8759
0.976885 4.0805 3.43034 4.27174 22.9954
0.827501 2.34837 4.5064 7.46876 37.1425
2.2959 2.99663 3.07645 6.85866 26.6446
3.18728 5.44306 3.21328 4.70797 29.473
0.346801 3.59974 1.6663 5.09032 9.5529
1.41978 4.91866 3.84603 5.85062 25.0167
2.0324 5.7699 2.12417 6.86311 19.8661
0.59128 6.35944 2.50549 4.27552 24.0914
5.41716 5.00682 1.35515 5.88124 10.6313
6.07495 2.26049 3.87562 7.55742 29.1041
2.27955 3.6057 4.62766 7.30252 17.6568
1.49005 6.30726 -0.35108 3.37684 11.143
2.73793 2.71455 4.07645 6.7836 39.8813
5.61454 5.03766 3.36789 6.51032 24.3268
4.11943 2.91691 2.90882 5.28903 31.7338
0.163094 5.13472 3.61764 5.05359 36.5337
-0.0528774 6.92813 2.29337 2.24246 21.8328
0.96265 5.14273 0.968885 2.42836 10.3358
1.85135 4.78961 3.94372 6.95357 17.1228
3.03992 1.83644 2.69896 4.41139 14.0855
-0.850444 4.53833 2.8201 6.4693 33.092
2.04561 6.42367 2.35829 3.16049 15.6737
0.611631 5.66877 2.2309 5.74458 28.2388
2.15349 5.37438 3.67784 9.03165 38.1845
6.9177 2.05885 2.97001 8.51384 33.7102
4.21798 2.89797 3.73673 9.51749 22.9798
-1.32916 5.41953 3.10379 3.68381 22.4714
3.76697 6.16127 -0.15535 4.60494 6.75052
7.29003 3.82087 4.47296 12.6265 14.8989
4.8242 4.97515 0.243773 3.90675 19.0891
-0.486219 3.25648 4.69246 6.45277 23.4749
3.99569 5.29369 3.31043 8.10879 28.6224
2.9601 4.60632 3.78834 10.0689 27.6502
3.49972 6.21054 2.41336 3.99263 25.9955
0.860299 3.58666 4.49621 8.80755 26.4217
4.06684 5.23578 3.47946 5.5865 15.2909
3.43817 4.08708 1.48761 6.83702 13.6629
2.17017 3.01949 4.14157 8.32406 10.0681
1.0921 7.02733 0.550906 3.59018 16.9483
-0.550965 3.42173 3.1371 7.82726 30.3583
1.92509 5.56827 1.50138 1.90648 7.73277
4.2213 1.31692 2.42512 5.5678 29.2778
5.74914 3.5351 3.85851 8.64093 38.8846
4.03765 3.18831 1.21714 2.67926 13.0072
1.37564 4.39325 3.82894 6.54009 36.25
1.85489 4.68494 2.39374 7.10592 25.2275
3.28789 6.35541 2.64174 6.81492 31.3896
5.39402 3.9254 3.10008 7.36777 20.9982
3.42895 4.20786 4.10406 7.28838 34.9752
5.50408 5.71383 3.36559 5.95483 35.5495
2.66575 3.77405 4.07411 5.71054 30.5334
0.846037 3.33579 3.18883 5.77111 17.2955
6.54468 4.31334 1.00539 6.41572 11.6076
2.97547 4.78739 2.47976 5.24894 20.432
3.73875 2.66753 2.38587 8.10252 19.2434
0.116984 5.6288 3.64475 6.44864 25.4499
1.51845 2.86939 2.01671 6.73401 17.3812
1.28046 5.85559 1.40171 1.78849 26.3689
2.31669 4.17496 3.55841 6.21958 34.7199
2.77329 3.31712 2.90835 4.83549 24.6028
0.0538223 3.80306 2.78804 6.15604 20.5038
8.10869 3.28964 2.57458 10.4916 19.3201
4.41236 5.75815 1.13035 6.25155 16.6832
4.87556 3.64441 3.70544 10.8408 31.5988
1.36964 2.32284 4.95767 9.9867 10.2025
-1.27497 4.7084 1.68343 1.64137 19.6234
-0.856139 3.49329 4.26424 5.40223 39.6601
2.15182 6.22578 3.22757 7.87049 31.0935
3.95556 4.58259 1.99176 6.35648 24.8322
5.04012 3.55495 2.73505 6.91966 29.3239
3.27106 3.06133 3.507 6.5716 6.58004
-1.78592 5.94043 1.29726 4.47304 23.4137
3.89174 5.44561 2.20475 3.26789 9.09154
-2.38041 7.36832 2.754 1.62068 28.2871
2.30692 3.97631 2.22488 7.85312 10.4678
2.24137 6.07181 1.97925 2.37224 27.0961
-0.277082 3.62973 2.51664 3.05068 13.7696
1.81047 5.39354 2.9121 6.70372 28.0931
-0.987126 5.0732 3.79756 6.77321 11.9695
2.60768 4.86155 1.09507 2.55082 18.2154
5.74657 4.43853 3.4005 8.36852 32.0117
-0.593954 6.41315 1.64357 6.15999 26.0492
2.51918 5.66052 1.78386 4.83917 22.2772
-1.25987 4.81731 4.01997 3.96735 26.8909
1.37364 1.95806 3.3711 5.45788 33.9003
5.68689 4.84663 1.46109 8.03284 23.5055
2.45624 5.54227 2.98585 7.98427 17.845
0.508773 5.21746 3.75239 8.08222 30.8152
1.12575 2.7978 1.19378 5.26644 14.9484
7.08027 4.58768 3.44366 6.97063 5.41873
2.12923 2.33773 4.42759 8.54133 24.9176
2.38558 5.06273 2.79842 5.8731 29.9368
3.13411 4.67319 0.938617 1.50929 16.0941
6.63482 4.61928 1.22327 5.54072 26.0224
2.91318 3.79825 2.27194 6.61069 30.6422
4.91116 1.13346 5.59155 10.0051 38.0715
2.62733 1.98751 4.26708 6.32908 20.6108
0.16709 4.42754 4.14627 4.75912 24.6891
0.93857 2.8616 3.49507 6.13727 34.7748
5.33945 4.80679 3.28927 10.1273 31.6612
2.85149 5.90088 1.92788 3.56038 21.7159
